423.90
157.10
440.76
160.93
452.35
152.06
444.33
247.43
233.67
255.44
175.10
140.73
230.77
403.75
230.77
421.40
399.78
343.68
382.92
375.33
339.51
158.67
228.56
235.31
410.66
171.55
256.13
232.68
176.49
381.87
250.11
301.48
292.48
212.74
241.02
245.85
323.94
156.13
378.38
320.54
160.01
223.50
260.58
345.26
144.76
162.30
404.15
180.14
343.98
254.33
375.43
355.36
179.96
382.86
350.22
351.80
384.64
285.48
154.48
412.68
144.00
177.35
240.40
184.46
399.46
346.56
257.95
401.39
412.09
398.49
248.09
371.66
141.64
436.52
237.09
381.15
149.56
339.16
311.33
240.20
249.33
233.31
232.18
152.00
369.53
400.63
211.00
255.45
184.92
241.06
222.61
242.49
375.20
177.04
304.97
355.50
362.03
252.62
342.98
304.42
848.64
1522.71
861.71
1697.24
1275.45
623.51
1426.74
1503.56
810.74
1439.51
750.37
1518.61
1484.58
1596.84
1549.50
1476.34
845.97
751.26
1304.86
770.94
1680.85
1649.06
823.32
1209.49
790.62
1643.36
830.84
594.80
631.08
838.27
1498.17
955.08
1066.40
679.13
1429.34
789.23
1162.72
1444.90
1493.68
895.04
690.86
977.34
1115.47
906.55
997.74
1393.26
1622.60
1545.23
928.06
1485.37
915.00
1552.59
1029.81
1520.54
1376.29
881.59
1259.05
1256.24
807.79
741.16
1329.03
619.78
1224.68
899.93
1491.60
1438.67
817.15
590.65
1664.42
533.86
774.27
955.27
852.06
1225.10
1346.19
1426.99
1579.10
798.52
744.34
781.22
1561.03
1308.23
943.74
1678.13
1011.19
1152.37
797.70
931.40
868.88
1508.03
1550.08
1327.07
991.30
592.93
539.96
1207.32
965.34
740.85
742.26
904.54
1920.39
1581.75
1539.45
973.64
1549.75
2073.68
1102.60
964.50
1184.70
1696.08
1569.01
1311.10
1585.52
1106.57
1736.71
1736.89
1387.37
1109.88
1887.27
1521.58
1035.18
1320.67
1937.12
1746.07
1641.24
932.88
1339.43
1856.00
1087.33
1635.76
664.64
1559.21
1117.96
1031.32
1069.98
1762.49
1144.51
1610.21
1663.30
1583.44
1140.05
1554.83
777.94
1558.48
1697.70
1788.95
2004.35
1787.61
1606.28
1781.52
1259.44
948.04
1916.84
1585.29
1897.51
1098.74
1352.02
922.53
1538.24
1249.50
1349.95
1073.06
1851.71
1302.13
1375.32
1739.87
1715.72
1239.76
1386.01
1890.39
1574.46
1795.88
1325.44
1189.89
988.66
926.98
1851.26
1368.13
1546.17
939.52
2010.70
1195.28
1538.42
1979.62
1332.04
1912.94
1825.59
794.72
1671.85
1180.89
2017.78
1880.16
2085.97
1928.01
1074.44
1329.40
941.02
1876.42
1624.17
1657.49
1477.53
1045.32
1158.97
813.76
1432.96
843.91
1053.24
1482.91
1406.05
1485.58
881.71
1252.58
1075.73
1014.45
1217.87
888.35
1072.43
657.03
1137.84
1108.19
1614.10
908.01
761.00
1498.98
1556.10
987.20
1234.38
1594.26
1168.93
856.18
642.64
650.46
665.08
1959.82
1287.64
783.72
753.08
484.13
1001.57
1060.55
725.25
928.90
1255.06
1335.49
981.59
1065.54
1362.18
644.44
871.66
1201.65
1783.39
959.81
657.27
1204.22
681.38
757.35
1292.17
1325.37
659.43
750.34
748.04
1147.87
1858.37
1309.79
639.14
1662.34
1474.42
800.21
759.22
997.14
1080.50
1119.59
1325.69
1296.33
1279.91
1181.85
1442.47
667.90
754.44
1215.07
772.34
1024.17
1158.76
639.51
1129.14
695.76
1942.31
467.97
915.56
1412.64
668.28
1032.22
540.98
1407.16
1751.51
1123.48
1394.25
804.03
1142.70
1641.22
724.85
622.42
645.33
830.87
540.17
369.79
726.13
697.33
426.82
828.37
487.35
806.98
583.37
752.08
549.47
465.21
910.26
393.29
1017.89
394.00
816.54
361.93
628.48
653.21
534.82
628.03
979.70
541.73
352.28
991.86
351.22
574.32
722.52
745.07
464.88
1046.06
949.28
628.62
600.61
750.07
759.54
670.63
396.36
496.36
426.07
834.06
479.13
640.43
857.73
555.10
292.38
293.93
305.27
727.20
1175.59
554.68
893.63
733.33
498.77
916.14
808.84
783.60
936.27
752.43
1167.52
529.11
834.77
1143.64
1197.66
348.91
757.95
820.58
1115.50
1084.81
711.10
750.40
1075.43
1065.99
778.93
384.64
406.50
709.06
295.03
316.43
747.97
655.63
1108.71
921.07
773.76
1051.52
651.10
645.32
393.11
769.81
327.72
328.98
1079.22
766.66
759.65
727.77
1018.22
913.70
657.34
302.58
1041.17
206.85
746.85
654.33
923.34
669.64
897.18
762.40
680.94
526.86
308.22
818.02
756.15
1167.47
911.95
495.18
971.74
744.98
1178.78
509.16
677.63
577.78
665.41
846.72
773.99
376.75
678.04
978.09
831.33
655.82
296.08
915.00
966.42
304.90
1072.58
663.51
981.19
1030.03
753.51
294.98
548.60
460.85
1160.74
1078.43
356.48
747.51
1516.73
1233.77
1341.57
1408.00
1227.81
536.44
683.39
712.49
1007.35
1475.04
741.27
1408.17
901.52
663.67
1500.51
727.89
746.29
611.60
931.06
1368.00
632.40
626.78
845.03
1509.68
1302.55
723.56
1319.94
679.98
1134.06
650.71
636.85
1179.36
619.67
616.67
791.73
1524.21
1322.89
924.42
1153.67
1275.12
1328.57
876.03
940.82
1336.39
772.87
929.50
1428.45
1269.02
849.74
1326.19
1329.94
709.93
1554.24
1381.06
606.83
1486.66
810.95
622.95
770.75
1524.65
824.17
936.36
1210.73
1536.54
1490.69
743.15
1141.50
1332.10
1421.60
656.85
1533.54
534.11
1393.07
554.30
872.47
1344.04
1284.04
700.00
1461.07
1102.91
843.76
504.82
722.60
1498.34
875.32
660.01
1512.43
1394.73
825.42
1521.92
575.28
1020.02
692.78
1024.95
957.67
1185.91
655.14
1301.57
1431.36
742.86
1878.17
1972.13
2001.33
1865.65
1835.83
1988.59
2007.87
1943.60
2067.61
1892.50
1983.81
1972.80
1775.72
1899.55
1875.74
1970.31
1814.35
1988.87
1878.30
1912.71
1861.79
1787.99
2016.16
1880.31
2042.87
1886.17
1871.05
2117.67
1782.40
1983.18
1844.16
1860.60
1918.82
1897.25
2035.41
1773.99
1810.64
1993.98
1954.99
1802.91
1839.18
2021.55
1895.98
1791.83
1813.52
1921.17
1832.72
1756.64
2165.85
2088.62
1861.59
1926.00
1929.86
1905.32
2006.81
1858.82
1943.57
2137.14
1890.87
1931.03
1844.92
1840.23
1833.65
1910.99
1874.61
1892.68
1921.86
1839.03
1971.28
1812.24
2156.26
1919.45
1864.07
1895.72
1842.50
2109.20
1837.12
1999.16
1942.79
1878.77
1918.85
1825.31
1840.87
1943.84
1399.88
1884.23
1946.44
1820.14
1923.67
2026.88
1300.01
1910.70
2143.38
1835.42
1971.67
1809.40
1969.69
2082.54
1283.82
1896.82
1345.06
1183.01
916.71
1865.45
1457.23
776.50
1277.16
1326.23
583.46
1196.60
2176.22
1542.99
1781.89
1731.45
1542.84
1933.40
1685.40
1774.29
1782.58
1410.23
1391.93
2175.89
1761.15
1848.70
1491.80
1411.16
1619.69
837.60
1911.42
1410.27
1711.25
1566.73
1808.43
1089.23
1384.63
2060.63
662.70
1836.39
1687.57
438.88
1922.24
2026.81
1180.41
655.68
1344.10
1706.07
1884.61
721.49
1617.92
1214.76
1344.40
1449.80
1196.63
2160.08
1590.63
1003.51
1431.13
1904.85
1237.45
1854.95
1313.96
1072.87
878.51
189.12
1295.50
1269.60
1187.44
1947.73
1359.69
853.88
1509.88
1381.92
1419.73
474.58
1521.06
1612.58
1475.89
1700.89
687.72
1640.42
1169.43
978.95
1474.57
1834.48
655.87
1595.52
1492.59
1700.45
1010.35
1764.58
2180.42
771.98
1263.18
1144.09
1505.72
1710.64
1789.65
1309.55
1060.19
1245.33
1370.27
1831.19
1373.98
1782.09
1858.30
1641.98
1827.80
1819.22
1350.61
1718.52
1345.76
1274.50
1116.22
1455.82
1141.01
1285.42
1515.78
1438.67
1312.92
1567.12
990.80
1596.24
1783.15
1251.78
1237.74
2135.12
1116.56
1637.05
1555.16
1870.02
547.65
1468.81
1358.08
1051.96
677.19
1437.53
1072.91
1184.75
1562.76
1294.36
939.41
1330.99
792.23
1850.87
1108.77
1950.61
1922.04
1123.86
785.06
1746.41
1648.84
1585.54
1851.65
2164.31
1494.62
760.47
1605.93
702.56
1213.34
1845.34
1901.61
802.41
712.04
1380.66
1638.55
1080.26
802.26
1667.71
1549.82
2045.79
1794.90
1878.36
994.61
1716.11
1212.25
1411.46
1647.52
1946.84
1666.26
1694.35
945.96
1796.55
1887.86
1591.23
1600.95
1409.60
536.50
1083.74
786.51
1482.88
1951.08
1904.52
1262.25
1488.29
1158.30
1508.46
1695.25
1575.53
1334.62
1619.03
1508.28
1391.38
1920.84
1562.38
1072.61
1625.58
1381.37
1525.28
1660.91
1953.40
1502.31
1621.08
1698.61
1508.08
1643.10
2148.64
1831.96
2037.74
1493.02
984.43
1154.35
2140.13
1893.07
1928.48
1337.62
1647.74
822.53
519.10
1415.73
1563.37
1158.30
1049.80
1178.77
1886.95
1939.85
1598.54
1651.09
1930.70
2000.89
1769.80
1562.26
1601.38
1811.37
1506.91
1990.64
1489.43
1314.04
1845.29
1757.25
1846.06
586.03
688.72
1930.98
1383.51
1746.20
2067.96
1608.33
1843.80
1582.07
1982.30
1187.57
1801.07
815.13
1351.77
1663.06
1084.31
1270.24
1521.10
905.13
1863.78
1632.98
762.45
1570.48
1768.36
808.38
1268.21
1639.97
1813.11
1802.09
1433.67
1095.65
976.00
982.47
1480.32
1401.70
751.09
1284.87
1103.50
1122.99
1785.59
1527.49
1095.41
1825.72
1237.78
1134.11
1553.90
612.33
1325.13
1184.32
1684.71
765.41
1302.76
1002.91
1887.78
1212.46
1461.43
1752.93
1692.18
646.48
1868.44
1748.66
1076.70
1115.37
1634.24
1598.32
1168.11
1708.38
1750.61
1655.19
1604.54
1438.10
1756.44
649.07
1361.79
1366.09
1621.99
1205.03
1622.73
1836.80
1004.14
1326.92
1170.24
1848.23
1654.49
1360.24
663.06
1062.36
1853.99
1652.24
914.04
1811.39
1420.53
1181.87
1812.49
1327.47
1214.54
619.32
1055.02
1828.20
1649.91
967.90
1004.08
1870.92
1156.11
1347.27
1740.89
1621.96
1325.84
841.69
1822.02
1561.37
1759.90
1808.86
1314.78
1534.92
1536.79
1856.80
817.14
1694.96
1687.02
1539.61
1431.98
1788.92
887.31
1629.05
1473.07
1851.61
1990.43
1530.19
1632.39
1502.71
1819.84
1657.02
960.14
1031.63
1307.48
1260.24
1467.06
1769.23
2150.88
1487.66
1264.68
1193.53
1206.93
1526.18
1128.44
1949.72
1723.57
1756.14
1217.27
1652.85
1625.56
291.38
2067.43
1381.80
1653.69
1620.46
1790.94
1891.96
939.15
633.61
1124.66
696.67
1746.01
1148.91
1891.94
461.85
1142.18
1716.16
1541.67
1611.72
1464.44
1186.79
1602.49
1075.82
1618.81
1693.20
1508.90
1962.28
1681.08
746.91
1395.53
626.32
1606.54
1298.38
1804.74
848.24
1463.60
1235.50
979.14
1682.78
862.71
1648.70
1687.19
1637.90
1957.49
1810.15
1334.72
1187.70
1168.63
1665.66
1264.74
1578.11
1351.86
722.16
1176.75
1306.35
1017.15
1804.32
1220.16
1997.38
548.99
1765.14
1320.94
1887.06
1676.69
386.55
786.95
1777.50
669.32
1005.13
1521.67
1475.10
1719.70
1354.81
1793.72
1343.60
1773.50
827.76
1491.47
1526.12
1114.37
1507.32
1575.66
1647.74
485.99
1117.15
837.22
1214.16
1550.04
1161.62
1106.68
977.92
1093.10
1081.09
1588.69
1905.31
1921.07
1901.55
1129.28
1937.23
1622.11
1042.19
1226.95
732.06
1104.23
1532.06
1177.69
1823.17
1780.62
1528.56
813.62
1593.24
1234.84
1679.94
1631.62
1899.55
1200.85
1789.04
850.07
1518.82
1328.13
1126.80
1732.38
1360.49
1616.23
1792.37
934.96
1259.87
1355.37
701.04
1619.50
1374.18
885.08
1908.23
1487.13
2172.33
1185.86
504.77
1054.71
1486.73
1876.44
1779.18
1702.29
1358.14
951.69
1640.79
1640.54
1393.85
1298.67
1887.15
1381.45
1593.98
1400.64
1695.24
1838.95
1798.96
1821.77
1328.89
1085.21
1023.58
1309.67
1577.40
971.90
1917.44
1540.48
794.08
1547.54
1952.22
1500.77
1168.08
1061.52
1508.56
1259.05
818.12
1365.15
821.69
1394.90
1249.84
1334.55
1642.19
949.37
1258.69
1194.47
1075.21
1511.61
1469.18
792.24
1684.47
1153.94
467.14
1408.03
998.98
1445.80
1047.18
1636.90
1253.19
1389.25
1378.51
1735.48
1129.81
1596.07
1194.29
1629.81
1909.72
2149.00
1662.52
1241.99
671.12
1745.20
1636.12
1326.08
1427.27
1633.72
1898.54
1529.47
1508.32
1491.78
1060.80
2046.49
1839.10
1886.58
1107.54
1346.22
1521.33
1640.25
1452.20
701.85
1816.88
1405.81
1746.22
1405.96
817.44
1708.69
1807.72
1375.88
1916.37
1546.57
1392.68
762.85
1489.53
2166.21
1386.57
1599.89
1944.97
1676.72
1477.79
1853.65
1487.60
1539.53
1533.93
1518.84
1571.42
2086.88
937.15
765.54
1861.45
1503.59
1345.16
440.00
1150.96
823.14
1002.76
1841.20
970.11
1528.25
1744.23
1576.97
1379.27
1867.45
1324.68
1155.63
1297.79
1840.23
1541.97
1669.84
1009.82
1359.07
1010.17
1491.00
1491.67
1223.22
1302.00
1698.77
1565.56
1126.62
1696.19
1495.54
1626.35
1764.46
1167.90
1919.99
1475.79
1806.71
1075.21
2018.51
1638.00
1952.63
1094.91
1091.89
1893.96
1773.77
1521.14
1011.69
1291.77
1817.87
1539.14
1641.07
1361.32
446.30
1638.11
998.27
1245.67
1245.44
2174.89
1309.06
1211.52
1675.30
989.17
667.85
1308.42
1505.56
1198.70
1573.21
1022.06
959.89
1321.91
1397.87
1470.14
1165.69
1880.23
1588.83
1195.59
838.10
1498.47
1746.41
1578.32
1211.31
1501.62
738.79
1108.31
984.29
709.84
1349.26
1526.79
1607.78
1862.11
1275.55
1706.92
895.83
1621.46
1855.24
1158.72
1887.06
1249.22
1867.21
769.30
617.55
1484.14
1108.09
1816.86
1238.12
1822.36
1630.08
1476.23
1399.53
1196.01
868.89
1807.08
1734.71
582.25
1196.59
825.69
987.91
912.01
1484.95
1460.86
1537.94
2015.74
599.81
837.97
606.71
1278.60
1111.97
1579.50
1019.75
2147.88
1610.61
276.93
1530.69
1214.66
648.31
1226.02
1310.04
846.14
1798.75
1794.47
1639.78
781.37
415.26
1527.47
1048.58
1479.37
1552.90
1190.81
1650.82
419.33
616.31
1688.80
1702.80
797.51
1003.74
1162.26
1306.42
1456.05
1398.66
1770.84
401.25
1263.95
852.13
1526.11
1649.07
1775.00
1657.67
1516.49
1911.74
1405.96
1901.08
1227.42
1604.23
796.50
1444.45
1242.10
801.40
1575.27
1671.13
1593.69
1669.49
1494.34
1654.88
1485.62
1127.56
1350.41
1250.10
846.11
1752.77
1623.46
1508.46
1326.83
2051.16
1866.25
1790.11
437.54
1191.08
1266.31
1986.21
1557.88
1113.24
1506.33
997.60
1920.73
1694.01
2145.27
1621.42
1371.42
963.59
2024.90
1703.82
401.55
1330.18
889.57
1356.60
1520.42
1510.33
1492.63
1674.60
1485.13
1883.23
1142.93
1244.94
756.13
1579.04
794.39
1509.52
1528.25
1029.39
668.33
888.22
1369.81
1078.65
1575.23
1027.74
1794.39
1707.29
695.99
1365.72
1483.87
1433.39
1297.41
1354.67
1768.76
1512.92
1917.46
2126.33
1933.11
1736.44
1346.30
1067.46
1311.52
1502.99
1727.32
1751.04
492.97
1848.82
1886.37
1832.70
1695.80
1321.21
1375.11
1171.88
1280.71
1742.92
751.86
389.12
858.75
603.06
1297.08
1072.51
913.59
657.16
928.64
1589.39
1436.27
666.29
1114.88
1932.78
904.95
1768.19
1853.65
1473.38
1670.66
438.30
1480.95
1438.08
978.79
1281.87
1374.12
1119.84
1949.97
584.72
1543.52
723.19
2104.44
1266.83
1962.80
1096.43
1413.54
1334.21
1663.93
667.52
1305.14
447.39
1200.58
1679.17
1875.44
475.38
1569.85
759.03
1046.55
985.56
1202.25
1678.61
1425.34
1535.34
1358.83
900.25
732.03
1202.75
1913.94
1808.20
1133.80
2005.21
1873.80
1651.14
967.90
1563.63
1480.88
742.68
1630.85
1168.24
1713.02
1318.04
1370.70
1646.79
1487.17
1371.09
1676.17
1710.20
1610.30
1460.94
1298.93
1566.71
1779.65
1156.79
1679.12
1224.60
905.69
1686.55
1594.75
1898.99
912.08
1167.63
1135.98
1124.34
1787.99
1183.01
1948.68
610.16
1290.41
1407.47
1360.35
1537.90
1799.30
1873.63
1564.61
1135.99
1275.75
1674.62
2077.89
548.83
1896.84
789.58
1085.71
1750.58
1016.39
1461.49
490.70
1841.13
1529.53
1941.49
1915.08
1269.38
1635.50
1541.78
1924.64
1633.88
1502.01
923.77
880.15
1608.72
878.02
1705.92
1321.50
1362.40
2180.29
1607.66
1606.10
1349.98
1164.42
1782.25
1745.73
1937.06
599.03
1045.17
1109.40
1463.07
1830.84
1737.15
1341.10
1806.63
1649.08
1478.29
1636.74
1739.03
1527.66
1925.85
1017.22
1362.81
978.63
1704.06
1068.94
1731.85
657.76
1380.90
812.37
1293.80
1202.08
1006.25
534.53
1464.66
1440.27
1662.86
1181.48
710.35
1097.88
1629.14
429.67
665.36
1650.47
1741.43
1231.52
1725.16
1641.72
1740.20
1640.96
1629.19
1638.98
1394.70
1775.38
1597.92
1289.96
755.74
1131.47
1117.97
1497.46
592.28
1537.60
1869.55
1661.07
1391.59
1421.62
962.37
1738.44
2135.99
1503.18
1209.20
1815.16
1275.27
1378.05
1524.39
1543.45
1010.26
1005.13
1836.85
1756.15
1883.05
1192.95
1637.49
1780.64
1661.16
1936.90
1712.61
1482.73
1708.86
1347.64
1820.25
1219.71
1617.65
1426.09
1496.13
1524.98
1486.96
657.39
665.18
1712.50
1602.06
1291.27
1155.12
1115.47
1339.86
1215.07
655.59
748.04
1371.39
1692.50
1424.49
1500.34
1944.66
1894.03
1978.98
1239.49
1500.71
765.41
1216.89
938.55
1811.90
617.01
1696.87
1122.27
1685.22
1341.52
1381.77
1637.16
1002.36
1519.84
1745.88
513.16
1423.95
1229.47
1463.01
1434.53
1539.06
731.99
1408.06
1456.57
283.48
813.28
1926.96
1357.62
828.00
1161.47
1788.31
594.98
717.12
1910.17
1713.71
1723.55
1885.60
1863.36
1282.01
1518.75
1214.63
1774.53
1461.75
1615.62
1627.22
1951.39
603.29
1752.81
1347.49
1495.38
1537.43
792.12
1271.49
1523.66
1507.29
808.19
1414.26
1879.46
1384.97
929.32
1507.93
1356.27
1586.42
1885.25
1895.48
576.24
222.95
756.43
1657.46
1771.56
1351.72
1589.04
1533.42
1803.92
1702.74
1747.57
514.50
1808.24
1854.75
1565.20
1558.26
1918.56
1489.68
1896.53
1409.04
1268.57
1472.97
841.89
1619.19
1541.61
1761.26
1125.29
1505.91
297.39
1857.57
1414.84
1414.62
555.91
923.83
1815.53
1379.10
1748.77
1016.50
1839.14
1446.31
860.93
1843.17
1334.60
930.64
705.43
1291.42
1902.87
1957.18
1465.01
665.75
1137.07
1165.64
873.13
1691.43
1259.19
1364.31
1326.48
1329.15
1381.27
1836.90
823.36
1379.97
1868.36
1659.96
413.40
1893.86
1455.25
2176.00
1786.34
781.48
1156.53
621.52
1720.18
1682.83
761.72
1138.57
1725.74
573.19
1126.01
903.09
1621.49
1541.50
2172.41
926.11
1170.03
1190.77
1583.62
1949.07
535.60
1833.94
1298.11
1505.23
782.47
1626.14
1528.29
1886.49
1809.45
692.02
1618.31
1160.58
1855.58
1326.47
1634.83
1704.21
797.75
1167.71
1054.24
944.82
1503.88
1496.02
1680.42
1475.96
1397.33
1540.32
1232.71
1387.01
1391.14
2009.25
1031.23
1847.52
1598.67
1674.31
1503.69
1073.03
1483.46
1926.77
1650.27
880.91
1569.67
1486.99
2034.49
1659.33
1780.97
1739.49
1211.72
1481.08
1662.55
1781.55
1150.05
1553.98
817.84
1749.63
1846.64
463.11
1632.47
1896.98
1836.85
1515.17
1305.00
772.47
1103.26
1807.09
1157.33
1745.88
1245.21
756.21
1524.77
1391.25
1373.51
1763.47
1197.35
372.58
920.96
1761.98
1949.06
1832.49
1651.68
1977.65
1340.13
1525.45
1714.75
1551.39
1129.06
1326.01
1454.33
1664.58
1074.94
1560.30
1530.41
1177.34
990.20
653.42
1825.34
1294.71
1516.06
917.12
995.45
1473.32
1547.84
1090.29
1329.39
1738.23
815.49
1888.36
912.43
779.59
1703.75
1047.68
1665.57
1907.30
1091.52
1817.75
1792.28
1911.06
722.15
436.71
923.07
1557.97
1762.89
499.93
1822.62
1822.79
1292.40
1615.49
869.09
710.82
1722.11
813.63
215.10
1320.90
1827.15
1691.72
1611.50
1914.19
1723.35
1954.87
1662.46
1223.53
1259.36
1702.59
846.67
1480.55
1481.26
1797.57
1235.59
1666.00
1205.57
1565.08
1571.79
1402.31
1404.81
1208.27
1803.06
1016.11
1755.10
2100.87
788.50
1870.93
222.68
1957.77
1326.77
1692.09
1724.36
1058.94
1801.15
1958.52
1640.10
1629.95
648.99
1509.04
1704.27
1584.69
1481.76
1776.06
1144.58
1891.23
1577.26
1234.64
305.47
1859.06
428.38
276.82
1249.03
889.20
1805.45
1777.40
1456.78
1840.55
1540.27
1313.33
1366.13
1118.75
806.19
1709.35
1294.20
1589.04
1410.29
1405.22
1682.16
1650.82
1479.36
675.26
770.87
1485.49
1828.28
873.61
648.63
1193.76
1147.67
1335.46
1012.21
1624.47
1542.92
1726.60
804.90
1840.87
841.59
1969.20
1898.08
1486.78
1230.61
1344.28
877.51
1842.81
1265.30
878.21
1623.52
1072.42
879.77
546.26
996.56
495.07
1849.74
1898.48
1602.95
1222.30
1197.73
501.39
1526.85
1716.23
1172.63
450.18
1633.03
1629.56
582.76
1361.06
682.57
1008.70
1179.73
1953.75
702.42
358.62
1292.26
1934.31
1505.00
1874.12
1908.24
1149.10
1633.09
1907.46
1266.11
935.31
1105.01
1706.64
1322.83
1613.22
1019.73
1490.81
2148.13
1642.22
1165.68
1908.31
1938.34
1417.08
1693.31
1576.83
987.57
1901.85
1344.98
1225.91
1536.16
1574.67
1488.99
490.81
1524.86
801.47
1098.41
242.30
1678.54
1894.98
1750.80
1208.89
1294.20
1689.05
1870.57
1607.14
1294.72
1462.91
586.74
1792.23
1834.83
1105.48
1792.12
1321.98
1719.64
1840.24
1604.78
676.96
951.62
1345.58
1840.23
1539.67
1242.37
975.60
1420.29
1178.28
1820.07
1357.96
1854.30
1359.84
912.68
1841.47
1530.16
1667.76
1016.28
1574.51
1190.86
938.10
1506.87
1649.87
1554.38
1332.57
1929.01
1200.62
785.51
982.88
1585.24
1460.15
1669.72
1372.34
1173.49
1298.11
734.06
1923.49
1146.22
1947.74
1026.27
1636.02
601.63
1382.40
1259.51
1102.90
401.10
1674.48
1676.21
583.83
1161.66
2092.77
1837.97
1135.88
1862.16
1330.55
1592.56
1618.20
1482.61
2121.18
975.55
643.67
1931.82
1617.07
1311.96
1865.12
2153.33
1341.59
1658.71
1592.27
1405.91
1192.52
1236.33
1271.39
1634.45
1488.89
1947.71
1347.44
1577.76
1633.79
1651.62
951.21
1832.37
1023.44
1411.75
1409.05
1631.61
1986.70
616.98
1074.94
1391.18
1959.48
1587.29
1149.45
1939.88
1639.35
1656.47
1698.68
940.71
879.01
1791.99
337.54
1847.96
1929.57
1935.43
1735.48
1333.97
1532.51
1499.00
1816.61
283.42
1630.51
1200.10
1191.26
1908.85
994.34
1235.53
1453.71
1650.88
1636.83
1480.91
1582.32
1332.08
1842.55
861.20
1354.22
1102.27
1177.01
740.03
677.17
991.26
1550.93
609.45
1535.77
859.60
1489.03
1907.18
1902.41
1355.59
1904.46
1504.34
1353.51
1620.55
1895.74
1174.66
635.82
1188.69
1749.05
1626.88
1884.24
1879.36
693.00
460.45
1746.69
1127.60
1808.18
920.42
1841.66
1099.40
1561.50
1205.41
1113.85
1258.44
1318.87
1938.95
1222.15
1975.36
1486.73
1457.31
1673.39
1657.62
1899.68
1730.34
1586.11
1307.16
2121.51
1151.72
795.48
1609.43
1225.25
1579.18
863.07
1284.03
1221.13
1648.69
1602.05
2012.34
1234.60
1482.44
1572.00
574.26
1677.46
1556.33
1881.15
1881.86
631.15
489.65
1652.80
1858.25
1170.67
1860.86
829.50
1199.46
1371.61
760.16
2121.65
1205.14
1075.25
1845.11
1353.73
1481.90
1008.35
895.84
1465.59
1591.70
1803.60
1344.76
1737.93
1612.45
1115.19
1857.86
1629.70
1388.22
1865.42
339.50
1719.96
1357.00
1681.63
642.35
658.36
1915.66
1877.67
1235.42
949.76
1560.13
1883.45
1681.92
1314.50
1675.77
1647.36
1203.11
1656.19
1648.18
1484.92
1146.99
1302.29
965.51
1761.56
2040.94
1564.86
1896.29
2133.89
1832.97
1500.54
1642.06
687.67
857.18
1513.87
788.77
1480.13
1438.16
1904.01
1116.83
1652.97
1660.65
1581.65
1726.06
1559.12
1824.62
439.96
1017.72
652.37
1387.98
769.31
1848.07
975.17
2154.33
1639.06
1293.74
1122.49
456.00
944.22
1480.96
1494.57
1644.20
1048.02
949.22
1150.60
1315.74
1585.99
904.71
964.77
1550.63
1533.95
1931.78
824.28
1244.59
543.86
875.32
1625.80
1382.59
1801.32
1521.12
1411.48
1346.10
1824.54
1858.63
1080.43
1884.92
1523.03
1378.98
733.49
1519.02
1767.51
396.51
1867.14
1858.16
1097.76
1493.94
1013.01
1741.94
1185.94
1466.52
1492.17
1550.57
652.83
1686.39
1579.92
1613.06
1008.23
975.69
1894.06
541.53
1748.54
1917.93
842.38
1494.25
1958.09
1434.59
779.86
1783.79
1185.23
1290.31
1396.08
1843.92
962.04
1359.04
1958.55
1585.29
1175.14
1632.56
1577.73
1356.30
1114.07
1460.83
989.84
731.99
1215.86
1440.63
405.93
1636.94
537.87
1541.63
1223.30
1717.03
1705.60
1826.76
1452.84
1556.73
426.08
904.53
1440.70
1892.05
1184.95
1629.29
1882.13
1603.17
1469.60
1326.01
1218.73
1594.14
397.94
2181.29
1431.59
990.43
775.84
490.83
1869.60
1426.09
1431.02
1909.34
1637.04
1329.52
1598.86
1354.13
1040.28
1864.42
1625.72
1608.07
1551.89
1341.19
1902.16
1496.78
1658.03
1040.15
861.00
1711.74
1776.84
1163.04
995.03
2042.72
1405.57
1745.66
1546.14
1630.67
1487.16
1193.91
1571.77
1344.43
1896.99
1209.11
1768.27
1690.00
1565.46
2175.30
1365.53
1406.98
1613.61
1601.07
1217.33
931.19
1052.20
1640.95
1514.81
1825.29
1623.64
1306.28
815.76
1177.28
1063.42
1880.03
1562.01
1300.35
1817.10
1162.65
1707.51
2027.20
1827.81
1605.73
1636.04
1638.74
1190.61
550.10
1605.32
2067.91
1807.82
1820.27
2178.94
1708.53
1821.47
1241.55
1062.08
1327.30
1750.86
1637.65
1579.43
1198.05
1666.92
1664.33
924.15
1793.29
1406.25
1920.33
2114.12
1317.89
868.25
1575.96
1837.22
1725.28
1690.04
914.46
1909.56
1833.51
1875.85
1142.93
1557.99
1944.07
381.61
646.01
1210.05
827.47
1472.43
1176.15
1760.83
1102.16
1201.83
1109.84
1168.28
1709.84
1653.68
1329.10
1184.35
1721.18
792.08
1528.22
981.16
1940.82
1337.99
1492.12
1343.87
1488.85
1724.88
1290.01
1141.20
446.30
793.64
1578.15
908.47
1434.91
1434.07
1584.60
2099.78
1898.00
1582.51
1634.84
1707.52
1428.46
1881.93
1398.55
1591.52
1855.19
1940.09
1380.10
1569.19
1565.11
1376.35
1771.25
975.63
1230.62
2012.82
2076.21
1383.26
985.81
1696.67
1961.63
1535.85
1641.53
1022.48
1939.75
753.00
1719.62
724.55
1257.61
1591.87
692.22
1515.79
1633.98
1918.86
1783.19
1677.44
1147.06
989.96
1315.72
1918.50
1848.29
1337.36
1726.65
1287.00
941.77
1659.03
1229.44
1585.05
1164.47
1530.20
1833.92
1897.04
1974.41
1506.50
985.73
1855.60
1205.47
1639.27
1303.45
1703.12
1275.27
998.85
1197.61
1659.48
1501.49
1369.35
1125.56
1692.08
1429.05
1792.52
1950.09
1625.41
429.25
1399.77
1163.01
1146.52
2175.29
781.37
1618.70
1876.02
1173.43
1336.87
1824.68
1783.18
1555.36
1650.38
610.18
860.87
1216.67
1574.91
1569.98
1603.76
1583.04
1608.02
1393.30
1378.75
830.11
1647.90
1826.61
1933.24
1884.01
1820.84
1509.91
893.91
825.74
1611.87
961.33
1488.24
1478.71
1395.93
947.80
1593.51
1896.23
971.48
1131.59
990.20
925.93
1702.01
1296.68
1767.94
1854.02
1385.77
886.10
1491.67
946.49
1381.94
1618.41
1129.93
1681.93
1565.62
1029.49
931.39
1411.34
1015.19
1781.08
1321.20
1295.95
1659.69
1404.23
822.58
1191.57
1517.59
908.99
653.39
611.15
443.84
1371.49
1828.38
653.49
1606.51
1536.16
1629.12
1526.33
1668.34
1903.74
862.71
1449.31
2147.29
1569.28
1723.77
1343.61
1243.72
1678.31
1363.43
1255.08
987.92
1607.94
1721.20
1472.13
1203.43
1652.02
757.19
1051.16
974.98
1663.10
1047.09
1444.74
832.00
979.09
1441.23
1020.32
848.91
409.56
1780.90
730.15
862.23
1873.81
754.21
2030.99
1381.89
1610.92
1823.21
1160.77
830.46
1786.39
1904.78
1800.20
531.43
957.83
857.59
1562.40
490.70
1579.48
1593.95
1505.96
1879.25
1116.33
1112.18
1698.19
1544.60
1941.85
1936.38
1486.12
1663.66
1716.81
695.10
1596.87
958.45
1756.81
1003.37
294.13
864.93
1207.27
1739.11
1830.17
965.70
1531.60
1324.40
841.09
1419.24
1650.80
1390.11
1602.66
1903.39
822.14
1614.15
846.41
1809.78
1159.59
1235.49
1020.59
1983.44
1229.95
1309.24
1959.98
1620.44
1232.26
1869.84
1580.82
1407.40
1973.67
1734.15
1160.38
1529.96
1347.46
1651.55
1178.09
1753.21
1156.17
1612.19
1650.92
1794.75
1802.85
2196.99
2085.93
756.06
1486.02
1899.29
1561.88
741.06
724.61
1164.30
2063.76
1367.14
1212.61
1775.09
915.85
1619.71
1363.54
1749.87
562.31
1020.75
1713.67
1732.14
1006.38
1163.78
1934.50
1575.89
1680.55
1633.69
1308.60
442.09
1928.66
1441.90
1253.19
2175.61
1327.06
1764.79
1272.07
1442.38
1741.94
1889.24
1797.16
916.69
1583.37
1332.28
1556.91
1876.77
1435.67
1738.23
1401.61
1767.64
846.39
725.11
1225.71
1162.65
1769.58
1169.91
1860.49
1265.65
1464.80
1522.49
1354.06
950.79
1194.31
1914.26
1898.14
1271.48
887.41
1102.27
1509.77
2116.82
891.95
1819.69
1330.05
2117.27
1415.10
1917.81
690.48
1641.23
1395.26
1131.97
1522.11
1156.02
1017.01
1594.53
1209.91
1764.57
1573.20
1378.40
1691.39
1450.26
1559.03
1382.34
2187.08
1533.48
1409.00
1170.99
1169.91
1914.15
1607.61
1563.05
780.21
1445.40
1837.08
1636.23
1829.26
2003.86
873.39
1546.17
1745.71
1629.39
886.79
1958.58
672.70
1365.64
1590.38
1522.59
1236.77
812.32
1198.99
1776.06
1185.48
1593.49
1087.75
1500.28
1749.65
1276.78
1935.26
1602.89
1639.26
1780.22
422.55
1314.90
1141.99
1763.49
1867.19
493.21
1185.34
1138.52
1652.41
1926.47
1279.97
1869.76
1840.98
1031.12
1365.57
1895.47
1485.60
1577.70
1488.26
912.12
1941.81
1213.84
1311.28
1386.56
1794.40
1280.94
514.81
1411.90
1910.78
676.66
1485.94
1618.91
1354.79
1507.91
914.46
764.22
1713.90
1653.64
1143.18
1132.57
1897.90
951.72
1854.95
513.24
1536.28
767.07
1126.27
1380.86
834.46
914.15
1413.77
802.52
1831.98
1336.65
1329.96
1869.93
1342.32
1484.92
1566.49
1357.29
1256.59
1318.81
1207.48
1603.98
915.86
851.61
877.95
586.95
2096.71
1667.07
1156.35
1134.79
502.95
1171.20
1408.43
1436.34
1223.97
2149.90
1249.89
1148.44
1575.23
1823.09
1806.19
1664.53
1699.39
1458.82
1781.08
1841.98
1412.16
1605.00
1363.90
765.95
1683.67
1284.43
1130.03
1839.92
1958.82
1856.49
1165.00
1658.67
873.87
875.49
1851.90
1153.59
1655.44
464.81
1441.42
1807.75
623.75
1604.32
1671.52
1887.37
307.01
1322.69
2033.35
1926.13
747.60
1295.73
1588.05
1875.85
1718.28
1954.81
1352.69
1515.04
777.87
1485.60
1046.42
754.43
1483.31
177.77
1913.03
688.36
558.43
1393.83
1341.87
2113.16
1250.20
1893.90
1925.01
891.64
1859.41
1618.16
1953.62
755.60
717.12
1644.32
1472.52
1600.70
603.17
1716.59
2146.91
1177.07
1176.96
707.13
1750.45
1842.51
1621.43
2099.12
1631.72
1546.37
602.71
1153.17
1741.04
1976.86
1651.74
1820.29
781.50
1602.76
1428.20
1962.28
1338.14
1369.91
1622.27
1192.84
693.40
1841.52
1320.10
1518.25
1827.05
1363.08
1331.96
1492.92
1924.48
810.31
874.47
1943.87
1761.98
548.38
1574.81
1544.50
1531.73
1853.72
1804.00
1155.94
954.41
1695.11
1560.10
1588.42
757.36
1455.96
911.36
1327.17
1347.51
1526.59
1873.56
1653.88
835.73
1648.73
1586.35
1183.63
1378.92
1818.94
1766.08
1621.62
1714.28
1325.85
1921.21
1620.08
1868.46
1886.44
1247.88
1384.82
1591.20
1258.52
1712.35
1724.09
1870.05
1500.44
1695.42
1940.10
555.88
1261.50
675.14
1728.11
1506.73
1641.74
1403.00
704.69
1146.45
1456.11
1217.15
1170.43
1806.05
1902.26
1260.97
1886.25
710.05
1574.29
937.85
1603.68
1221.10
1229.62
1656.01
1398.95
1145.53
660.80
1454.63
1453.67
1472.69
1772.02
1691.51
1495.84
1760.27
1766.84
1321.18
1521.43
1340.53
1269.98
1498.89
1997.68
1073.47
976.48
1909.26
757.44
1782.01
1574.60
1510.80
1378.50
1759.21
1215.31
1869.38
1800.32
858.89
1752.09
998.85
720.73
1344.13
932.02
1771.88
1910.78
1540.73
1468.77
1666.80
293.12
1661.50
1239.30
1076.50
1715.57
1086.10
756.01
1568.09
935.31
1327.97
1721.02
845.80
1537.31
670.22
748.35
1338.81
1859.23
1187.19
1610.82
1585.09
887.69
1903.74
1667.03
1619.94
1619.41
1442.02
1491.64
724.30
1715.88
1854.84
784.67
795.57
750.93
1704.81
1823.73
1171.88
1958.14
1358.98
1205.41
1950.95
1316.68
1928.51
803.28
1381.77
1554.28
928.25
1845.34
1302.71
1192.04
1762.31
1283.56
904.05
1796.93
1989.55
1367.35
1722.06
996.75
1223.37
1353.42
1623.50
1280.18
1925.92
1623.50
1289.32
1217.78
761.47
1800.21
1541.12
1383.61
1435.07
1887.77
2146.13
732.86
1800.10
1685.91
834.00
286.71
1423.16
1323.29
1327.62
1126.67
871.02
1414.06
1718.69
1479.74
1736.93
1636.19
1441.69
1017.54
1593.39
1081.44
1197.55
1382.87
1137.47
967.80
661.59
953.21
1836.05
2096.58
1746.59
1866.05
1197.51
1640.12
1650.96
1284.11
1350.76
1925.46
1267.84
1464.54
1680.07
2009.63
1569.71
1380.40
1530.70
1937.14
990.83
873.13
1417.68
1541.86
1004.75
980.69
1171.58
1236.42
1788.19
1442.87
1333.64
1819.92
1608.71
1612.42
287.53
411.48
1946.08
1657.99
1017.96
1848.24
851.94
1007.04
745.46
1647.14
1201.75
2015.83
885.22
1507.71
1437.77
657.68
1863.08
1180.02
660.07
1287.97
1739.92
1655.82
1307.43
1916.77
1513.70
617.54
1840.08
2098.60
1211.82
2041.26
1202.96
2152.88
1207.75
1786.78
923.46
1451.99
835.56
1197.24
1584.01
1487.17
1351.53
1566.40
760.98
737.42
1511.85
1238.44
1932.90
1894.02
1588.11
745.43
1365.30
1135.09
849.10
1637.11
826.80
1490.55
1383.76
1443.25
1375.27
1721.32
992.44
970.41
1816.95
1350.78
1936.92
946.53
865.42
1862.33
984.72
1294.21
1671.98
1444.90
1248.42
235.47
1816.16
1278.54
2014.71
1365.05
1554.39
1264.73
1926.56
1737.14
1711.45
1623.81
1752.34
784.61
1890.99
1525.04
1499.51
1744.04
1801.64
1461.96
1349.61
1843.44
1753.52
1192.15
1750.86
1349.60
990.90
820.90
1465.01
1948.70
1176.14
559.91
1635.69
816.62
1379.54
1338.40
1179.24
1565.96
1343.10
1595.96
883.32
1742.31
1089.88
1166.16
1042.99
1518.49
1528.89
1561.63
595.41
1351.18
878.09
1793.81
1056.55
1630.37
1128.76
2123.35
1889.42
1251.54
1861.03
1224.85
1746.07
1346.24
1211.99
1384.47
1369.15
1346.32
671.03
1605.20
1481.17
1009.28
2066.71
1273.90
1818.03
1088.34
1476.50
1068.40
1904.58
1526.01
1902.83
1541.13
1592.44
1136.85
956.23
1645.10
821.42
1208.82
1066.27
1251.94
1161.57
1965.00
1754.91
1559.95
1197.31
980.18
1622.40
2120.98
1790.60
655.34
1266.59
1208.71
1560.76
1493.29
1603.58
1560.34
1499.25
263.97
1562.58
1752.50
1508.49
1611.53
1102.66
1872.44
1798.06
1007.23
478.43
2142.36
1146.95
1686.56
1712.69
1220.87
1966.72
1147.17
1648.51
1790.04
596.76
1336.50
283.35
1764.83
863.87
942.31
1825.78
1877.28
853.08
1505.80
1587.95
1954.83
1806.44
320.59
1611.69
1143.56
1885.56
1252.71
1982.42
1945.09
1997.11
1310.74
1708.88
1193.42
1464.35
663.96
1647.92
1560.10
952.18
1141.31
1676.11
1146.18
1737.85
275.18
1731.17
1704.30
973.40
1161.59
788.52
1514.18
1186.87
1210.90
1245.63
1101.76
1556.96
1542.18
1069.72
1347.64
1585.17
1383.20
1563.46
1315.99
1779.92
1849.57
1121.51
1251.85
1091.36
1608.71
869.00
675.68
1303.60
850.69
1834.03
1314.87
945.54
1855.32
1118.09
1948.12
1302.28
1135.49
1346.21
775.53
1290.02
1287.36
1393.84
1844.18
855.18
1319.06
1446.16
1719.80
647.76
1439.87
1152.88
923.61
1941.71
1838.95
1097.72
1353.15
647.36
1664.62
1621.64
1377.51
1180.30
799.72
2026.95
1171.53
2037.78
1130.08
797.75
1953.52
1398.51
1540.97
1117.02
1354.21
1536.61
1305.72
1330.32
843.71
1449.14
1361.54
1002.04
1325.44
770.74
1418.93
1064.79
1346.07
1500.85
1667.21
1937.85
1610.82
1219.24
1892.26
970.16
1610.23
1235.75
1695.54
1206.04
1217.44
1591.85
1623.95
1704.96
736.78
1262.33
2127.71
1739.33
1673.05
1398.29
1938.62
1797.64
2059.42
1602.10
1549.48
1575.40
1822.59
1461.42
1210.37
1413.96
1323.98
1371.00
741.53
1182.12
1810.96
1248.02
1546.73
1865.44
1826.59
1551.46
868.68
1559.40
1842.36
392.86
1464.49
1403.27
1595.78
1634.12
1129.02
1369.07
760.62
562.37
1334.25
1731.26
1955.02
1916.71
1795.78
1363.62
1728.15
1708.73
1858.80
889.32
1757.59
662.84
939.62
806.63
1502.58
1015.49
1607.84
1207.71
1565.03
1555.66
1784.25
1424.97
1471.77
1697.32
1363.57
1548.12
1898.02
1423.83
1087.30
1305.05
1755.29
1155.66
1380.91
949.87
908.88
1543.44
1774.24
1054.28
851.52
1166.93
1741.79
1221.23
1339.02
938.09
1814.74
1539.75
1599.30
1632.06
1213.33
1239.40
750.73
1308.49
902.71
953.42
1801.82
1418.14
1330.77
1951.91
880.37
1217.13
1041.43
905.98
1066.77
1296.08
1560.79
1465.61
824.45
1501.01
1805.98
1502.43
1286.10
1692.94
1364.58
1943.33
1236.82
864.82
1355.58
1668.21
1147.78
1181.67
1621.29
1180.03
546.24
1706.30
1602.94
846.64
1210.47
1217.77
979.23
1638.26
990.89
1353.39
1167.78
1470.13
1630.85
1723.72
1841.58
1450.38
1447.24
1705.03
1769.32
1650.00
1939.99
1842.46
1596.68
1746.74
1168.55
1395.03
1237.57
1155.01
1566.69
1331.40
1205.89
1653.35
680.69
1847.16
998.46
972.59
1006.95
1924.04
1487.59
1494.72
1650.03
1407.75
1590.35
814.67
1412.78
961.89
1488.45
1723.08
1021.82
1475.30
1474.14
1046.12
1232.29
851.16
1536.27
1798.37
732.73
1235.05
688.42
1446.68
575.29
1058.12
826.51
1388.36
1382.17
2062.20
2119.82
1367.77
1391.18
720.61
914.36
1889.77
1557.02
1160.61
1428.77
1537.08
1223.88
1938.33
1554.32
1090.45
2143.56
2117.46
1959.90
1633.08
1568.32
798.03
1562.57
1220.85
1486.80
1486.62
994.50
547.03
1907.22
1326.57
854.56
1491.99
1643.57
1250.18
1636.73
1894.34
1068.26
735.32
1281.28
1727.89
695.63
639.07
604.14
1796.40
1670.02
1372.30
1837.77
1320.62
1904.06
1636.57
1365.56
1604.26
1931.00
1342.69
1269.72
1575.30
920.28
689.59
1498.45
1591.89
1549.80
1606.48
844.53
1796.79
1813.40
1625.77
1937.40
1580.58
1753.39
1420.89
2180.46
1771.07
1106.03
795.07
800.77
1574.60
1070.68
1619.66
1684.71
1337.51
1096.43
1408.30
1351.41
1462.62
801.43
1264.49
1812.49
800.06
1460.46
959.84
1648.35
1488.66
1166.80
759.65
1330.75
1379.48
1537.54
1342.61
1250.82
1646.83
1363.83
1394.86
1198.52
1843.44
959.19
1828.04
1677.01
1394.29
607.86
561.30
1832.33
1030.08
861.63
1581.89
869.04
1640.17
1108.84
1626.93
1790.80
1629.35
1573.32
1866.52
1859.99
1223.43
1380.15
1493.82
1516.99
1105.89
1177.58
1537.94
1298.76
1211.29
1603.17
1647.68
1271.30
1420.25
1751.97
687.01
682.01
1698.12
1481.00
1464.57
1741.43
1617.57
1222.47
1058.19
1665.17
1379.01
1041.98
1857.06
1447.58
1850.08
1524.85
1683.69
1129.81
1482.37
1690.48
1752.28
2177.78
1035.56
652.21
1298.22
1463.23
992.06
736.75
1799.94
1166.07
1683.39
1248.60
1755.63
1843.62
1720.92
876.46
1500.33
1661.75
1052.63
687.92
620.32
1222.91
1780.56
1623.71
719.04
1305.90
1556.67
1701.83
1566.11
1912.59
1968.18
1853.74
1505.03
1969.88
979.70
1224.90
444.14
1714.84
1498.50
1330.58
1539.60
1599.02
2143.89
1839.05
1744.18
1495.46
1223.59
1313.36
1550.54
1936.10
1934.23
1391.48
803.66
1616.31
1362.46
1165.84
1470.33
1211.26
1893.45
1090.30
1000.15
1215.09
446.70
1552.93
1591.71
1624.55
1513.41
1121.17
1160.46
1297.41
940.61
546.94
1564.03
888.42
1599.49
1005.96
1906.41
735.10
1925.98
1842.30
1708.69
1622.06
1909.22
1356.41
1868.11
563.20
1186.53
2137.02
1084.48
1223.62
1519.86
1354.43
416.22
1309.25
1482.45
1289.55
1867.99
1876.36
359.08
1346.76
503.56
1620.58
1424.89
1629.66
1449.50
1751.38
1966.85
547.24
232.01
1377.25
1153.69
1171.52
1273.39
871.52
1738.59
667.59
1789.90
1523.26
800.44
828.14
1248.94
1685.96
1668.08
759.14
1658.59
1569.80
1076.82
552.75
785.53
1558.52
1243.82
1053.87
1319.19
879.22
1627.44
626.97
1279.66
1690.92
1592.95
1983.66
1655.56
1499.72
881.82
1741.18
791.34
1619.09
1202.35
1635.83
1331.38
1221.03
1508.97
1530.49
1587.15
1405.78
1896.68
1778.61
1870.99
866.50
1619.74
1332.38
1475.52
1927.91
1639.69
1713.50
561.90
1246.02
1261.70
1897.88
1429.70
1847.62
1718.97
779.96
1593.17
1678.90
1825.83
1134.13
1072.08
843.94
1529.32
2137.80
1026.42
1774.97
1601.30
1295.61
711.40
1710.25
833.83
1327.57
490.55
1100.57
1168.72
1267.11
1850.91
1974.54
910.69
1695.58
882.40
659.18
1028.70
1231.51
689.57
1537.46
1762.29
1132.57
1536.85
1180.05
1256.56
1508.24
1496.75
1137.24
1246.48
1346.61
429.46
490.70
1598.51
1198.08
1179.97
1060.34
1301.34
1191.11
938.58
1797.16
785.63
896.04
1382.23
1535.79
1596.40
1105.72
1569.35
1430.71
1469.70
1461.04
1883.65
1394.49
1620.82
1791.17
1071.49
1732.88
1532.64
1794.08
1210.22
1293.02
1728.57
1431.15
1828.99
1888.40
1891.41
1836.61
1413.72
898.76
1593.40
1714.52
1248.32
1362.96
1100.59
1630.13
1986.08
1806.69
1961.56
1367.45
1036.03
1206.66
1696.52
1595.57
1736.07
672.58
1438.71
514.76
1339.85
1974.97
1559.24
1593.01
1003.85
900.55
1678.22
1372.66
966.54
1499.58
1350.29
1906.67
1650.86
646.41
1216.81
1712.06
1320.88
1292.53
1491.39
1583.82
1088.69
724.26
411.13
1818.23
913.92
1717.35
1874.60
1595.06
1564.95
1971.38
853.51
1325.60
1508.47
1380.74
1272.85
844.01
1781.96
1600.41
1457.60
533.07
1181.88
1578.98
1554.09
970.99
1906.39
878.31
805.17
1441.66
1313.97
1812.09
1159.68
1158.63
1871.14
2035.87
1837.60
1383.01
1129.46
681.46
1710.90
1323.60
1692.33
321.58
1737.92
1743.22
1697.08
1561.40
1811.56
943.47
565.03
1756.05
1719.71
1651.03
1164.42
1126.15
1434.98
1066.44
968.59
1940.28
1070.65
1343.63
1409.35
1046.01
1142.21
1574.07
1916.29
1269.43
552.00
1511.85
1114.75
1643.32
1536.11
1246.16
1750.04
1532.64
1583.61
1896.73
1598.43
1025.31
1461.26
2142.30
1252.03
1570.00
1486.48
1105.46
695.08
1447.27
1076.76
1568.81
783.07
1466.67
997.58
1210.29
1545.00
690.49
1236.83
1965.55
839.72
2126.15
919.52
1122.88
974.05
1640.86
1800.88
1373.59
1519.01
1237.81
962.80
787.89
1838.64
1229.31
1852.17
1673.68
1698.53
1110.51
1503.22
1347.78
1807.57
1163.40
1343.69
1654.95
731.99
1855.08
1856.08
1885.32
1820.62
1795.37
1106.37
1733.89
290.48
1391.92
1148.22
1375.43
839.91
2164.33
1376.52
1381.01
917.18
1939.48
947.98
162.50
830.31
979.11
1909.11
1984.09
1777.84
1636.27
1901.85
1294.70
1557.02
1040.56
1184.30
1326.65
912.35
854.28
1715.07
1197.20
751.75
1432.45
1706.10
1364.28
1660.05
1856.16
1115.99
1946.54
1635.40
1497.27
1681.78
1216.00
1240.99
875.30
1038.43
640.22
1629.14
1650.51
1727.71
1498.65
1226.70
1326.04
1310.26
499.74
1740.96
1646.61
1320.06
1820.22
1564.77
1285.80
2048.06
824.16
1167.48
708.18
1662.25
1411.98
968.73
1328.55
1769.67
1796.49
1652.69
1305.10
833.56
1958.73
913.41
1479.79
1545.97
1141.09
1332.68
1327.23
1468.68
990.41
970.16
1955.09
1592.49
694.49
1627.03
1356.13
1649.91
583.16
1789.98
1355.04
538.94
1181.94
1451.42
285.16
1380.13
1229.75
1413.04
1656.21
1485.03
1249.80
1722.93
2149.06
625.12
1591.73
712.90
1597.91
1442.40
1166.24
1402.49
1580.82
1761.80
1484.57
1142.55
1390.23
1075.73
1748.08
1430.38
1325.09
1219.58
1743.79
421.56
1094.29
973.08
1003.12
1785.14
790.69
1013.04
1868.85
1333.54
1267.95
365.29
1335.93
1087.14
754.82
1146.43
832.84
1618.16
1677.09
1940.12
1433.17
1741.07
882.40
1561.11
1659.68
1614.47
1524.55
2186.36
1267.93
971.08
1396.01
1045.24
2028.12
1841.38
1342.72
1029.40
1707.82
638.38
1460.88
877.16
1850.81
1507.84
1196.88
1562.51
1452.74
2103.95
1619.44
184.17
1579.58
1708.37
993.46
1057.71
1364.05
1538.71
1144.84
958.28
1927.70
1628.30
1604.19
2019.28
1912.81
1605.80
1321.62
1564.07
1598.67
1367.58
512.88
1615.51
1811.20
1340.78
1220.70
1747.35
674.65
592.37
623.22
1847.17
1251.19
